
1086821221713823
8526259485390149
8143145101675401
37954928833003843
34850597195818613
4410093833889125
5731594827997752
4366606070765946
32475504962669453
36433031734837282
1167535822289173
5890676329455266
40586794346789645
5535172655894271
03399552283568441
06067159809109302
4247583018337526
6465066670016818
7831425703537667
7608176624882833
5271789474185647
5609080681824029
6303956856837233
6984393323520313
24800346625985825
6003945782306735
7267496415838584
8619021336023529
25631332360308265
10400702400678674
4551114393217842
814677934931743
15639120785793748
8347325263791102
4116009275765053
2714148901502705
24282102876168024
8687733480771447
5654337802859929
6371470766823456
025364386294556174
14099805816829003
8204721989228513
27478294713999407
5344811196513588
4129718204563901
6376771954676839
9698966676417793
003115811202083152
58980756106374645
866548325084046
8204683208499455
884482324759385
417575830640633
29871469537301953
2775145240900284
0051703182397633274
3839703497310414
8365972713417827
7991341031070615
1951809179619387
4870592291390717
8907350198997772
2460377115085046
6332169478921922
19369548118663127
27712470801766376
6125864747493749
8804295199038204
827159355580963
5742912590863172
6575616387173126
4925412998875661
8857575734094423
6383874723162526
6996723979953453
05399234135415376
5148768316922421
16678776976409138
8780914863091578
5665268823917986